[[1.0, -0.0], [1.0, -0.0], [1.0, -0.0], [1.0, -0.0], [1.0, -0.0], [1.0, -0.0], [1.0, -0.0], [1.0, -0.0], [1.0, -0.0], [1.0, -0.0], [1.0, -0.0], [1.0, -0.0], [1.0, -0.0], [1.0, -0.0], [1.0, -0.0]]
[[0.16418601237879274, 0.7225787913740245, 0.6714964291091761, 0.003922918458238134], [0.1594804337535079, 0.7434342829753012, 0.6495046367221693, 0.003896796529890551], [0.1649310160982914, 0.7232608197729642, 0.6705788460151967, 0.003944336072410757], [0.1689313970351397, 0.7385054153987815, 0.6527301386770192, 0.003911596235373599], [0.16632638680060188, 0.707442230918996, 0.6869102334305808, 0.003918440321796011], [0.1594906462073544, 0.7170189811646344, 0.678550744326898, 0.003924512122906398], [0.1712461749076335, 0.7285961178911717, 0.6631791174273035, 0.00398782920406318], [0.1643654628114588, 0.7597548106213871, 0.6290797300130816, 0.003913522595253416], [0.16737585704821886, 0.7225563982708537, 0.67073217756568, 0.0039899590507570986], [0.16607691858139526, 0.7349017524422888, 0.6575120398033119, 0.003973523052601581], [0.17315631145817414, 0.7208384420614232, 0.6711131995819173, 0.003988181989534575], [0.16796935630147025, 0.7341627195055694, 0.657857084987933, 0.003930949380946616], [0.16389639198545541, 0.7302495115465912, 0.6632181279154927, 0.003916424949367393], [0.1741975348979405, 0.7348811970365032, 0.6554301310140325, 0.0040234856288211135], [0.17029129772543378, 0.7060169469968863, 0.6874046216661949, 0.003978766660544266]]
[[0.1620970997661631, 0.7213893069887017, 0.6732804290855632, 0.003932152097668506], [0.16444742835829226, 0.7434675831722004, 0.6482263972854991, 0.00394131205233834], [0.1677330802761499, 0.73636792392768, 0.6554479366493747, 0.003987070803259982], [0.17476562288410882, 0.6927853018509199, 0.6996356171679708, 0.003937738850105826], [0.1630784490138674, 0.7310660530522756, 0.6625198456071429, 0.003911485457782096], [0.1663347328699533, 0.7441961137584303, 0.6469074880567268, 0.0039500384892410135], [0.1685332160282641, 0.753398321292374, 0.6355878658474364, 0.003948335915837009], [0.1634362529174914, 0.7331722525128638, 0.6600996287892487, 0.0039394732896224464], [0.16423357456066137, 0.7067921515770865, 0.6880817955747063, 0.003953486404241276], [0.1603238948801438, 0.7415446329076378, 0.6514542121192805, 0.0039007240846860927], [0.16794310292183035, 0.7146180819393476, 0.6790437655512279, 0.003959243908166327], [0.16870028975314316, 0.7586857844529452, 0.6292224325205004, 0.0039016815873488923], [0.16960701758188887, 0.7229557460735396, 0.6697406938234253, 0.003981437321541211], [0.17142412109054805, 0.73203091759927, 0.6593393965369874, 0.004008311532966816], [0.165329257687662, 0.7068951229128722, 0.6877135590404321, 0.0039474632847258315]]
[[0.1586546816905815, 0.6955484730209178, 0.7007321583307389, 0.003931403957123389], [0.16375902716457813, 0.7394768745126199, 0.6529481053571169, 0.003962927416583269], [0.16521149113818664, 0.7768372185491136, 0.6076295304821144, 0.003930999727634811], [0.17856459454128687, 0.7400723580157342, 0.6483762072492295, 0.003985517587596852], [0.1691351726333667, 0.7314356066104946, 0.6605902909323037, 0.0039641249467468895], [0.15891434117193912, 0.7253609147697969, 0.6697629174744144, 0.00392554077452456], [0.1774333180008063, 0.7390149971422383, 0.6498909443418013, 0.004001515288489449], [0.1684109274557061, 0.7502021773986502, 0.6393893129715018, 0.003969760403833463], [0.16830085184457652, 0.726073151216922, 0.6666909226784344, 0.003976929531238461], [0.1623703984026636, 0.7532370991274159, 0.637380715989053, 0.003943235468254114], [0.16588086307694314, 0.7071221534756258, 0.6873470030011871, 0.00398707839500082], [0.16469937119289638, 0.7352021862707927, 0.6575229732341296, 0.003924551013979137], [0.16382740685719863, 0.7467312993627298, 0.6446220428862366, 0.003920349432125899], [0.17179284727337177, 0.7201682623299591, 0.6721821401877868, 0.004007738878951967], [0.16737992706319743, 0.7149026360628322, 0.6788833158066223, 0.003952782075730367]]
[[0.16442710605292696, 0.6906385616428672, 0.7042489448040327, 0.003940521455032025], [0.16436211194196662, 0.7115921104711416, 0.6830856559178409, 0.003968772164809493], [0.16395131090540227, 0.7366230549736142, 0.6561181145382516, 0.003932214199355203], [0.17296355193904056, 0.7138142946690544, 0.678628981392667, 0.003932943007755118], [0.16258330765224024, 0.7129935666453581, 0.6820494621030609, 0.003920872366418181], [0.16102884875998433, 0.726872478273235, 0.6676157176615938, 0.0039196590610247285], [0.16731561984739865, 0.7373834850725355, 0.6544123535192647, 0.003943457713657139], [0.16831444213602093, 0.7340766137330685, 0.65786493740195, 0.003936734148995743], [0.17030742541677646, 0.7244034827194631, 0.6679963554070343, 0.003980481722205224], [0.1585714839919762, 0.7039393309126517, 0.6923215559837756, 0.003919946305033798], [0.17427089748164953, 0.7536631426693712, 0.6337236525427328, 0.003981693178185792], [0.16436279709433138, 0.7347754984801658, 0.658083787797379, 0.003945377397160937], [0.16781874068951666, 0.7442035931882157, 0.6465155697081896, 0.003937040008493176], [0.1773742512192251, 0.7284983086469068, 0.661673865847647, 0.004035412896548388], [0.16523347176964312, 0.7181193652361489, 0.676008058885396, 0.003947328435818083]]
[[0.163170494627657, 0.7259733710192257, 0.6680738541943235, 0.003921682787917793]]
[[0.1653065498966894, 0.7393522503595426, 0.6526993480200696, 0.003944051686986153]]
[[0.16682667029851828, 0.748104254754526, 0.6422563720233594, 0.0039545784449002185]]
[[0.1623053733097525, 0.7319535157884264, 0.6617292074922658, 0.003933506247813568]]
[[0.16812751371684986, 0.7491022880258111, 0.6407519561287184, 0.003978934921046608]]
[[0.1633813219022453, 0.7241278312027893, 0.6700223341280531, 0.003936940514548292]]
[[0.15897896858964147, 0.7081715333087152, 0.6878978343442279, 0.003916179500259045]]
[[0.1648335724137206, 0.7253397874905986, 0.6683534773194756, 0.003964270852181119]]
[[0.16330944463796632, 0.7451633997463336, 0.6465647505766104, 0.003944145323174551]]
[[0.16208372056676967, 0.7377224806724705, 0.6553464530538526, 0.003928804834051658]]
[[0.16284148592173922, 0.7186238958750889, 0.6760525344314124, 0.00391374871106522]]
[[0.16407367317482885, 0.7550682682144979, 0.6347726223219707, 0.0039316735580343515]]
[[0.15860697101518603, 0.7465454190634153, 0.6461413083874115, 0.003895589329151598]]
[[0.15959570371733742, 0.7051627144825691, 0.6908394611132042, 0.003949231236627584]]
[[0.16233399685005592, 0.7536187562676674, 0.6369389213395166, 0.003905656297387338]]
[[0.16808352455123482, 0.7258817954685832, 0.6669541336488655, 0.003966281688391946]]
[[0.1583985938332619, 0.740474345443768, 0.6531403767184394, 0.003908645719907568]]
[[0.16374930186674683, 0.7208943802681197, 0.6734106182629591, 0.003949410930221728]]
[[0.15904207692044628, 0.7119547550663365, 0.6839669189541789, 0.003911302032725653]]
[[0.1639153896813867, 0.7209173909779386, 0.6733455538327863, 0.003952915984328411]]
[[0.16317253626262637, 0.7285762083890948, 0.6652336510000724, 0.003952411429234076]]
[[0.1643714587653783, 0.7536062538116244, 0.6364307162589068, 0.003947298003213556]]
[[0.16071809801361306, 0.7383993516593612, 0.6549202269787538, 0.00394800380179685]]
[[0.16237208306546985, 0.7108539354859729, 0.6843290339245519, 0.0039701855087788274], [0.1604731930049367, 0.7279534060342058, 0.6665709111581156, 0.003925986224987939], [0.16450641014349052, 0.7231300783142854, 0.6708242059591161, 0.003926265171687431], [0.17280506963135897, 0.7409609908904546, 0.6489219151548361, 0.003945366917837023], [0.1621929131577741, 0.746691786206113, 0.6450807802959017, 0.003952496242854939], [0.16545599275516973, 0.7230907322327446, 0.6706328734873713, 0.0039568192511100705], [0.1723910108113965, 0.7216019052643919, 0.6704893494743558, 0.004007736478311043], [0.1607290395796278, 0.7106265941296898, 0.6849529374617802, 0.003936116604759933], [0.165897147894157, 0.7213355776517798, 0.6724116355424558, 0.003963977986412658], [0.16269744679196874, 0.7314633234239293, 0.662174746878473, 0.003943588394481397], [0.1691301831615407, 0.7370355362932092, 0.6543375913962761, 0.0039894699454045435], [0.1687752268271296, 0.7334787536412979, 0.6584133241139754, 0.003966786538798218], [0.1731271976291429, 0.7270501939564146, 0.664386426424878, 0.003957940297685126], [0.1693906778931616, 0.7270180310047897, 0.665383872516203, 0.003985352199654795], [0.1668597878250599, 0.7336011653195252, 0.6587652302480629, 0.003938637458208731]]
[[0.1650686350481379, 0.7252166709425292, 0.6684290598913761, 0.003964568464681897], [0.16035502129647383, 0.7233357787762481, 0.6716072020345906, 0.003922303205350149], [0.1635758756698013, 0.741340498404305, 0.6508776901778933, 0.00392819974090817], [0.17371269265541434, 0.7168360492981859, 0.6752437438457051, 0.003983118653808381], [0.16478736451982737, 0.7355997636485383, 0.6570563460363866, 0.0038820546281905697], [0.16324635467514131, 0.7361237757482624, 0.656853860533181, 0.003926877392575473], [0.1681553927288733, 0.7228493127195003, 0.6702217264585547, 0.003933494636924025], [0.16694114778618935, 0.7484040113834936, 0.6418773793232024, 0.003939395144323256], [0.1704321154167323, 0.7373620540698242, 0.6536317338566239, 0.003956229024088736], [0.16314393764446003, 0.7345987875988511, 0.6585843145590019, 0.003921413649228022], [0.17395382725370512, 0.7382678854213282, 0.651678280639133, 0.00400173494026073], [0.16398676261702388, 0.720257109502523, 0.6740346915123152, 0.003908009129535733], [0.16484137121223855, 0.7127993889309772, 0.6817103712342126, 0.003914489520585343], [0.17740118394156257, 0.7338469992147958, 0.6557294348620625, 0.004038556060230907], [0.16485176093750908, 0.7073616517313741, 0.6873483035289677, 0.003962349241875365]]
[[0.1632490261439068, 0.7178621756934536, 0.6767628754092321, 0.003957605280402538], [0.16650338994980443, 0.7100750081791436, 0.684145001433533, 0.00396496004063817], [0.1661776513288571, 0.7482202848792696, 0.6422893602689899, 0.003971294406247248], [0.17513940391811517, 0.6928115165774478, 0.6995161160972593, 0.003949052173610541], [0.162762349044762, 0.7441732453818415, 0.6478420296705792, 0.003911928372645924], [0.1613440674398463, 0.7004724399236785, 0.6951912762789034, 0.003942359070955547], [0.16495199885020967, 0.7210541882297152, 0.6729457993735636, 0.00395560579205691], [0.1615172052047528, 0.7183166958022374, 0.6766964049442823, 0.003910561351732383], [0.16949843956726787, 0.7073492202446124, 0.6862297336431763, 0.004014008920686893], [0.16603398307110623, 0.7400835692547885, 0.65168501319108, 0.0039586066713102495], [0.17183533189756908, 0.716997894522698, 0.6755519964242647, 0.004017224024202901], [0.16726760216119063, 0.7331805013878194, 0.6591301080157846, 0.003924583933526718], [0.16647762751580855, 0.7402640306196093, 0.6513670033115416, 0.0039232007926971405], [0.1734135093825628, 0.7502650342261382, 0.6379767707402587, 0.003971545934116664], [0.1688813123015734, 0.7229170684678626, 0.6699657618880961, 0.003986523652641101]]
[[0.16559971466586743, 0.719384873975187, 0.6745715104268186, 0.003926183740995933], [0.1639629003079658, 0.7144707254126774, 0.6801707324903083, 0.0039401160490449465], [0.16309543806583338, 0.7124690791065605, 0.6824748755307599, 0.0039665688494456485], [0.17203406950495007, 0.7152024597545289, 0.677402514761386, 0.003943790763677624], [0.16306189625548748, 0.7284827321038105, 0.6653632589182562, 0.003932009385801126], [0.1620568563963252, 0.7107599356522911, 0.68450157105554, 0.003935529060931105], [0.16852427030006112, 0.7497455219723209, 0.6398950595428302, 0.003941494001204009], [0.16335076918671357, 0.6954969034345081, 0.6997036368234918, 0.003924810199070986], [0.1661368043414296, 0.7323603829711369, 0.660326579644173, 0.003954732989101045], [0.16205492496641222, 0.7096792435695707, 0.6856223962611568, 0.0039372942183221295], [0.16969468147990832, 0.732585413657978, 0.659170814754662, 0.004020416480499888], [0.16279686009909566, 0.7115710565013088, 0.6834825535976765, 0.003925916337104386], [0.16221049660068546, 0.7152084299020821, 0.6798154813201269, 0.003945623783573593], [0.17271081300170701, 0.7090293976902828, 0.6836900540784729, 0.0040247033951497846], [0.16546086735916166, 0.7398034718077228, 0.6521487150026973, 0.00394689679677997]]
[[0.1649325867314256, 0.738005087143252, 0.6543163982478367, 0.003972929490977092], [0.16326967574792114, 0.7401671845375345, 0.6522882849990546, 0.003942736098239604], [0.16186181505160258, 0.7299809346947287, 0.6640127944678506, 0.003949252259244821], [0.17813785749186997, 0.7202533920567752, 0.6704373471862931, 0.003964650895282019], [0.16801047881445122, 0.7236207281539475, 0.6694248599742048, 0.003984676022713684], [0.16203554610366008, 0.7354524609984753, 0.6579049918428903, 0.003896295468944818], [0.171148878842843, 0.7322274593808502, 0.6591930126526055, 0.003947286344449607], [0.16766094130853082, 0.720959612641165, 0.672377475303749, 0.003946695325848668], [0.17270996200848482, 0.743978722846601, 0.6454851552913158, 0.0039803609276140945], [0.16330318530406926, 0.7447602937181325, 0.6470306814374122, 0.003933427139795881], [0.1727422615729895, 0.7106654486531685, 0.6819814263533259, 0.004008149987554956], [0.16931133811815258, 0.7593484407386205, 0.628258055194537, 0.003928411338513749], [0.16784817893214812, 0.7382930355626196, 0.653249447864982, 0.003942249737163602], [0.1676626335403937, 0.7300759205109761, 0.66246692291419, 0.003995954073190095], [0.1622008569688717, 0.6985499721765561, 0.6969242479653882, 0.0039256806510840295]]
