[[1.0, -0.0], [1.0, -0.0], [1.0, -0.0], [1.0, -0.0], [1.0, -0.0], [1.0, -0.0], [1.0, -0.0], [1.0, -0.0], [1.0, -0.0], [1.0, -0.0], [1.0, -0.0], [1.0, -0.0], [1.0, -0.0], [1.0, -0.0], [1.0, -0.0]]
[[0.14890542854647476, 0.7320150021873921, 0.6648028113276986, 0.004293247345689113], [0.1552865923594279, 0.7231643616940273, 0.6729790719950351, 0.004306839417499221], [0.17116887876401637, 0.7436169228027869, 0.6463091322103324, 0.004426362559776679], [0.17030194526519085, 0.7286184767271562, 0.6633947481576372, 0.004446451119219655], [0.16210602841882593, 0.7456961822511616, 0.6462504160866415, 0.004386232342202682], [0.17135711217807592, 0.7287222104737588, 0.6630086953050933, 0.004488877149897028], [0.1590044962174897, 0.7277546427532143, 0.6671368694620403, 0.004375790003227221], [0.17254572714476252, 0.7396684940619076, 0.6504604761080273, 0.004433955073472043], [0.16501552048996077, 0.7389408775013467, 0.6532356437817279, 0.004410356906038713], [0.16871472593179623, 0.6952565299252355, 0.6986659851355045, 0.004420414540975276], [0.17522928945109933, 0.6731115648310158, 0.7184673167123583, 0.004498024605076692], [0.1660977871223109, 0.7076844227573598, 0.6867130135604336, 0.00441813381437282], [0.16728192931666372, 0.6846735113374549, 0.709379256545181, 0.004473184586062491], [0.17006883857286617, 0.7066251484695766, 0.6868312653614754, 0.004505842738017545], [0.17302189051851483, 0.7412309377727876, 0.6485524167312392, 0.004459264731092274]]
[[0.14413974496925464, 0.7196307691532576, 0.6792180681445099, 0.004255104479184831], [0.14956163655229562, 0.7333447188575137, 0.663188260040673, 0.004262855828884768], [0.1639820693713514, 0.7244897291228867, 0.6694809988143624, 0.004439092999599194], [0.1715130719284742, 0.7189767139344154, 0.6735248132681073, 0.004480724259434657], [0.16108666926310233, 0.7236165617059511, 0.6711267035840556, 0.00437085197376386], [0.17204051905959458, 0.703933211895981, 0.6891009559508338, 0.004468276978906873], [0.1591217824102433, 0.7027732218249952, 0.6933765211142572, 0.004365434204432427], [0.1666842786670278, 0.7270010072943919, 0.6660828879093365, 0.004412830446605833], [0.15853494043527228, 0.726198576747719, 0.6689416502910424, 0.004400942702298815], [0.17125860042952945, 0.7070617342691123, 0.6860861769904041, 0.004466928918845137], [0.1827207936736871, 0.6928207317105127, 0.6975612292079915, 0.00456911120498636], [0.1617843236065236, 0.7139272439992613, 0.6812594592692844, 0.004389996232465207], [0.1671667225901445, 0.713981455826915, 0.6799013957116862, 0.0044564226740646164], [0.17592010540631284, 0.703817903388322, 0.6882381113490792, 0.004558231076950528], [0.1757812590150624, 0.7213801351187118, 0.6698446676843722, 0.004446437900348187]]
[[0.14770163699638802, 0.7265200920054368, 0.6710698228163497, 0.004251499292235018], [0.1458558353554616, 0.7276565438739784, 0.6702416971643598, 0.004254037185568271], [0.1661417030036491, 0.7130067664146013, 0.6811744297634194, 0.004436418208643477], [0.1717761368644995, 0.7256164482541245, 0.6662984876462806, 0.004478190176566315], [0.16166766659852339, 0.7006221973294625, 0.6949622676939627, 0.004421387507252571], [0.17997185983903305, 0.7199136036408431, 0.67030908325128, 0.004501762961650341], [0.1597942825514643, 0.6927757890688226, 0.7032128336357291, 0.004382231616592339], [0.17198829589186226, 0.7329157359337543, 0.6582054555887369, 0.0044864607565407374], [0.16662651664269884, 0.7085181225104844, 0.6857245163891421, 0.0044228552560345805], [0.17682963774059934, 0.707593260615332, 0.6841219959954448, 0.0044890247827257205], [0.18109092220086268, 0.685317136888312, 0.7053549412647544, 0.004572375426676185], [0.1618972859968852, 0.7343738623856821, 0.6591396346876834, 0.004386458180030652], [0.1624962867899194, 0.67836394866556, 0.7165176818832695, 0.0044408871842867275], [0.16517088204741256, 0.7315831418783857, 0.6614265409928423, 0.004429121049762225], [0.1639457207257344, 0.7046550805876556, 0.6903359077962368, 0.004399143651893741]]
[[0.14504035608541074, 0.727525891315922, 0.6705603483855987, 0.0042651781410378295], [0.15166223677375515, 0.7269225701047762, 0.6697491376021198, 0.004270326716406663], [0.1659330700736252, 0.698611224167649, 0.6959803509741207, 0.00446371827739691], [0.1665633004583861, 0.7049827390618427, 0.6893737400291061, 0.004455459971025908], [0.16350529425402996, 0.7326721077078806, 0.6606348817799507, 0.004376564107336639], [0.171425128481374, 0.7084667678116641, 0.684593565786126, 0.004462501078472906], [0.1619856361363525, 0.6886837811507743, 0.7067219555432102, 0.0044023651091768395], [0.16178010824660363, 0.7200287335620928, 0.6748082515351844, 0.004432051524202755], [0.16555297978535266, 0.6959378986358404, 0.6987439263082814, 0.004424655219170449], [0.1708582981124184, 0.701488817249411, 0.6918823376612153, 0.004439827992438155], [0.18244257438957934, 0.7139512139344691, 0.6759939917865797, 0.004527056443877567], [0.16734569334620547, 0.719228620815227, 0.6743042497004024, 0.004403266365041326], [0.16392794056717375, 0.7203591174353302, 0.6739366038481365, 0.004452664689486534], [0.17027162952331268, 0.669601070051108, 0.7229259274427079, 0.004481361064166891], [0.16939338408883714, 0.713732819991055, 0.6796113216317009, 0.004449112783581615]]
[[0.14983595124132365, 0.7423053664539675, 0.6530801686690225, 0.004268950748115095]]
[[0.14921296540696077, 0.6911290974415529, 0.7071475817584837, 0.004284768046735309]]
[[0.14778352631365615, 0.7352019213093428, 0.6615286648634635, 0.004241440476435182]]
[[0.15396146347660591, 0.7165998788543209, 0.6802661691288991, 0.004291914352152263]]
[[0.14996520576596611, 0.7359121331394702, 0.6602465482918723, 0.004273736813905029]]
[[0.15644739406775468, 0.7505251980762441, 0.6420416563458042, 0.0043187334670485985]]
[[0.1501023458508405, 0.7321717971271408, 0.6643608997658951, 0.0042825370912477475]]
[[0.14927706111432212, 0.7036705454688763, 0.6946550412359289, 0.004300715070197032]]
[[0.15260154048881297, 0.7319952453464854, 0.6639858396391995, 0.004305274579749298]]
[[0.15196439369766127, 0.7213196618488752, 0.6757118988843135, 0.004265933014228996]]
[[0.14922701348803113, 0.7511486632411333, 0.6430310639887475, 0.004246751935382888]]
[[0.14990091306072414, 0.7213585630266064, 0.6761310026546359, 0.004290345089560212]]
[[0.1513754496336114, 0.715068856135423, 0.6824538357347772, 0.004332011575400246]]
[[0.1497710087732402, 0.7163313154953554, 0.6814834464872179, 0.004289934223599927]]
[[0.14280766613248977, 0.7221202977652708, 0.6768530494082899, 0.004265624911685207]]
[[0.14739529336701349, 0.7327156279280076, 0.6643676694768298, 0.004246862046673963]]
[[0.15104433839189033, 0.719978620672494, 0.6773460820133118, 0.004321897211307544]]
[[0.14668776749808218, 0.7168832170798112, 0.6815738525714375, 0.004270295851265738]]
[[0.14469591180184682, 0.7152477979161657, 0.6837145821821475, 0.004248622765001272]]
[[0.14834120213684054, 0.729142034426067, 0.6680780256474812, 0.004305000415391533]]
[[0.1459959878646034, 0.7237908549736063, 0.6743838929543952, 0.004281904680137825]]
[[0.14712306840487266, 0.751973907351462, 0.6425512413820683, 0.004236461267718683]]
[[0.14822282842922024, 0.7447088665429785, 0.6507076019995243, 0.004279477157634858]]
[[0.1483593362082695, 0.7191328891229701, 0.6788365678028301, 0.004278943229975457], [0.15021710074356998, 0.7367263096001554, 0.6592807733383852, 0.00424609155258465], [0.163420259637031, 0.6964894152277687, 0.6986964589048541, 0.004423972159018747], [0.16985541991523073, 0.7224514312592435, 0.6702188091149832, 0.004451258853930358], [0.15807362659657762, 0.7298461049086977, 0.6650700668904879, 0.004381535175024887], [0.1692849192503662, 0.7155909741120214, 0.6776814492065444, 0.0044751854847285616], [0.16317864100633447, 0.7200138874961892, 0.6744875489439734, 0.0043908144462908], [0.17128816131617333, 0.7216820461218568, 0.6706825558962122, 0.00450547609239407], [0.16355710508048324, 0.7273435862356955, 0.666484099644479, 0.004396118808388452], [0.1708139727441133, 0.6726821337588692, 0.7199315651739973, 0.004458150188904715], [0.18109499398267412, 0.6850599088875724, 0.7056040203475238, 0.004526682977312699], [0.16554823971778213, 0.6912195342578731, 0.7034129233751344, 0.004426625748811932], [0.16578047050920758, 0.6931479161319141, 0.7014573858986036, 0.004509737024306473], [0.16587077591287647, 0.677598968718796, 0.7164680366971318, 0.0044805893185779835], [0.1695365208918613, 0.7066710395348658, 0.6869160106562876, 0.004450198944592419]]
[[0.14505458758383735, 0.7608529825066872, 0.6324902498589416, 0.004241398936095344], [0.1539423281786535, 0.7477613881889632, 0.6458607462043477, 0.004308415139418288], [0.1617485713818688, 0.6941912315625183, 0.7013677646896828, 0.004380905367219135], [0.1670856626244274, 0.7269632506793886, 0.6660232322467179, 0.004457310248016418], [0.16193455835700396, 0.7118675022660319, 0.6833759254367837, 0.004382072644614138], [0.17153788672433526, 0.7010122999533585, 0.6921971715390162, 0.0044254316893922434], [0.1650573824890702, 0.7254287235354241, 0.6681986673224656, 0.004446183093722593], [0.16246920685514557, 0.6935578706947846, 0.7018275394440281, 0.004397919862574681], [0.16855247637693607, 0.7184946745905155, 0.6747856284108862, 0.00445207618951293], [0.17329524234922197, 0.7210564156041148, 0.6708400757167599, 0.0044718349256792495], [0.17719428738249113, 0.6925850259542342, 0.6992194339549753, 0.004511044520719091], [0.1700084582235387, 0.7301403510588375, 0.6617949187938925, 0.004435915544505933], [0.17088785115114205, 0.7293530350819691, 0.6624357542424973, 0.004512654079228406], [0.17553905729717545, 0.706391710954235, 0.6856940143464912, 0.004528658494658597], [0.1703597910111054, 0.7268734010646752, 0.6652917616123829, 0.0044127499381464005]]
[[0.1476354288203166, 0.7109356835901071, 0.6875725114450068, 0.004274980761884905], [0.15091120758235227, 0.7470751977732468, 0.6473689269193856, 0.004234236335336208], [0.16115776127638054, 0.6705762086135476, 0.7241106687620992, 0.004411780453552026], [0.17450332426587803, 0.7260307167705192, 0.6651374205220336, 0.004494435130182089], [0.16726028074418492, 0.7382099572326322, 0.6534910051307705, 0.004423091808588505], [0.16871033919626496, 0.7192329311250276, 0.6739589055496752, 0.004495093310123478], [0.1645742099437604, 0.7313859142089623, 0.6617935354659429, 0.004392076228329308], [0.16376110836108876, 0.7037154025232116, 0.6913375083220106, 0.004402411504618042], [0.16356937613158415, 0.7127317160750786, 0.6820844903923962, 0.004394093620196153], [0.16930056297031934, 0.7360864732214358, 0.6553583599683761, 0.0044094600487896655], [0.18535414612319476, 0.6972761151505276, 0.6924080584766397, 0.004576058581340048], [0.16358136474233737, 0.7187345607280416, 0.6757531201987917, 0.004414619541989911], [0.16373298711314493, 0.686011334324751, 0.7089147003235224, 0.0044615887519864825], [0.16353102735004219, 0.6892856180848891, 0.7057784387601752, 0.004442429112775812], [0.17249457591873635, 0.7321658155470736, 0.6589074787650224, 0.004446824757678569]]
[[0.15018024165737073, 0.7297870462104292, 0.6669622461997027, 0.0042572694814523564], [0.15353414502691853, 0.7367223950094745, 0.6585205120458943, 0.004256080023936831], [0.16625197050316565, 0.7198003296061216, 0.6739645377159045, 0.004423765830193345], [0.1736251815742113, 0.7249712607678502, 0.6665214769321535, 0.004481983062936244], [0.1642469858296696, 0.7545400228879079, 0.635352957729445, 0.004347483252408883], [0.16741501219364094, 0.687049937208753, 0.7070464899947307, 0.0044562831802806065], [0.1630162218456645, 0.7243938449413534, 0.6698208428931062, 0.004394001845285451], [0.16440295331806157, 0.7376138387123069, 0.6548879109060167, 0.004395228042677818], [0.16621585211470888, 0.7216068703247775, 0.6720388044957334, 0.004434011480197735], [0.1716375746978263, 0.7058513843008468, 0.687236871157035, 0.0044552390188487175], [0.17829925341367084, 0.6835993185017298, 0.7077292310399002, 0.004547912462854186], [0.16222064117032067, 0.7105503759809451, 0.6846775424820274, 0.004391991848731234], [0.16307747761331204, 0.7020856033633185, 0.6931533402146144, 0.004470882974039361], [0.16627034030280624, 0.7098712735384061, 0.6844099359074212, 0.004470858055249965], [0.17000732799379806, 0.7092810007767107, 0.6841039816274127, 0.004439897196718513]]
[[0.14913040573225322, 0.7250223320911443, 0.6723723047545719, 0.004268940650446586], [0.14966540333955264, 0.7353407759822106, 0.660950786863054, 0.004274057346228246], [0.16821633689587198, 0.7190118820176038, 0.6743185983047152, 0.004427809752245724], [0.17092373445356365, 0.7298544034942348, 0.661874318809551, 0.004473566911886414], [0.16262876098670848, 0.7152281787852923, 0.6796920751688761, 0.0043842130455674306], [0.17615803832486251, 0.7111565193203678, 0.68059142635017, 0.004478944107343191], [0.16473718497262263, 0.7161321308491427, 0.6782307956707947, 0.0044066831657401636], [0.16051509930831037, 0.7158377018290195, 0.679552493774563, 0.004437988166215219], [0.1673796653512905, 0.7252167770865111, 0.6678509744963544, 0.00444406609011981], [0.16726332041737726, 0.7105378796423036, 0.6834760656010573, 0.00440124833111446], [0.18164613822161335, 0.7328379557507725, 0.6556928394214979, 0.004484574849092357], [0.16680013465829766, 0.7017174101170139, 0.6926403709139761, 0.004439368963449572], [0.16448917064994964, 0.7175118189973514, 0.6768310913826088, 0.004447030001096132], [0.167338183908434, 0.7047766041819749, 0.6893965681585292, 0.0044991349383251104], [0.17004291973064195, 0.7210197682137283, 0.6717114550551732, 0.004429496829491499]]
