[[1.0, -0.0], [1.0, -0.0], [1.0, -0.0], [1.0, -0.0], [1.0, -0.0], [1.0, -0.0], [1.0, -0.0], [1.0, -0.0], [1.0, -0.0], [1.0, -0.0], [1.0, -0.0], [1.0, -0.0], [1.0, -0.0], [1.0, -0.0], [1.0, -0.0]]
[[0.49529067705322644, 0.5940416139591711, 0.633842745408849, 0.0067141791391404654], [0.4931867023879782, 0.606753641858295, 0.6233545564054063, 0.006781717185712582], [0.45270296347665023, 0.6276873172281694, 0.6332584550116688, 0.00723794215204029], [0.5216345977616639, 0.6053777506029591, 0.6011323507754819, 0.007417704771125506], [0.4757761267093702, 0.6211780588083824, 0.6226731062314228, 0.007286925592495084], [0.47397762814303085, 0.6154378788491308, 0.6297067118753658, 0.007133184191107104], [0.4668822141840145, 0.6255098501418186, 0.6250651407063108, 0.007210778598145504], [0.4686002250090193, 0.6181164961291263, 0.631104426255563, 0.007282135345135279], [0.48303298889150537, 0.6277320195255597, 0.6103936317137912, 0.0071594460784296056], [0.4871917910712395, 0.6044165477482493, 0.6302959887065748, 0.007194591113305888], [0.46717567890711437, 0.5966127335836383, 0.6524952529578912, 0.007076441969859211], [0.47866651741360544, 0.6135507376655162, 0.6279991800218286, 0.007133534127093136], [0.4669133354188441, 0.6189417426168252, 0.631548905648967, 0.007002587242575712], [0.473324649290334, 0.6168597067609205, 0.6288046375697445, 0.007253021425299363], [0.4793720984552715, 0.6230582486343293, 0.6180193552230853, 0.007272317440395252]]
[[0.4953897952834859, 0.6094353727092621, 0.6189769961025735, 0.006704887437059294], [0.482629376358624, 0.6054729005115045, 0.6327915482471844, 0.006805019382977842], [0.45334013801372114, 0.6192053200468215, 0.6411041145669047, 0.007280465424570965], [0.5120717364560552, 0.6220754025081701, 0.5922420287604334, 0.007355928690804303], [0.4662402645100685, 0.61742255839741, 0.6335267306893309, 0.007299426940956771], [0.4681190542285985, 0.6179154570665147, 0.6316597974364553, 0.007137176538314384], [0.47449060109016933, 0.6061103094806167, 0.6383086119387075, 0.007146897458449366], [0.46293142720982783, 0.6183087353052782, 0.6350879539140636, 0.007217502331672599], [0.4663166515630678, 0.6050338375373345, 0.6453154338868942, 0.007129284481911702], [0.4777400147194637, 0.6191948751627773, 0.6231463592744196, 0.00712740001930323], [0.46664689942129306, 0.6234134237703838, 0.6273314746559243, 0.007182981929878275], [0.4762869833017023, 0.6179242111381226, 0.6255164354585923, 0.007040440175844729], [0.46730063374287645, 0.6202427834010692, 0.6299839241502525, 0.007018735972318836], [0.4551789096007718, 0.5858303723104451, 0.6704956679325655, 0.007105942366809924], [0.4600876028801456, 0.6235916298597648, 0.6319814567288752, 0.007232924421849511]]
[[0.4917086292803125, 0.620505819586169, 0.6108593657662986, 0.006781372026985752], [0.47823129474154286, 0.5928716527855071, 0.6478837587662303, 0.0066833509671265], [0.45489556838867673, 0.6229703991907434, 0.6363380079849996, 0.007200221257095463], [0.509445254510829, 0.6082662423903494, 0.6086233427511457, 0.007438930241837868], [0.4657181395785958, 0.608649848046295, 0.6423389512407974, 0.007255939604637839], [0.4697843238512149, 0.6172060094506953, 0.6311164929071272, 0.007169612417223568], [0.4828516869497143, 0.6140012663716838, 0.6243433861973012, 0.007213141858517963], [0.4754208063515731, 0.6255725704258469, 0.6185313643548194, 0.007277865633848816], [0.4715683470304648, 0.620312724050544, 0.6267241282612749, 0.007230872360498586], [0.48885174267981485, 0.6054760618806354, 0.6279899161178837, 0.007167804592672196], [0.4913318379267073, 0.6191882049726407, 0.6124922930550445, 0.0072237670571698035], [0.47350481593005844, 0.6156457278129818, 0.6298599004724299, 0.007073393352987353], [0.47689106750165877, 0.6368194476806343, 0.6057926160560146, 0.007155915376137909], [0.4727499416083236, 0.6344275708972832, 0.6115197260273685, 0.007264617960456996], [0.47740943232286454, 0.6043470201298919, 0.6378030771242961, 0.00722135721725293]]
[[0.4880039819429214, 0.5832260112455732, 0.6493496989006188, 0.006670978347088884], [0.4765454038668092, 0.6097463824460749, 0.6333001472041743, 0.006689596289453627], [0.46420060645095296, 0.6240877389672483, 0.6284738473713196, 0.007274215532017767], [0.5247051576876195, 0.6293825796399392, 0.5731560530950771, 0.007362386994659274], [0.4538969362593486, 0.6181534353849302, 0.6417258036903031, 0.00720378055053054], [0.4808704202081611, 0.6272818279950068, 0.6125589277171504, 0.007259980033331232], [0.4690787559665013, 0.620297230832303, 0.6286056822173651, 0.007166757058593815], [0.460149969994904, 0.6145235957873839, 0.6407582038904195, 0.007188844229530418], [0.47289447375872795, 0.6338936971662636, 0.6119615615868286, 0.007255654453658799], [0.4895577318159285, 0.6214585113940223, 0.6116137324156922, 0.007154589835584705], [0.4770379059431049, 0.6072376752850834, 0.6353315064267067, 0.007149751698947392], [0.4571227167678467, 0.6079923003609556, 0.6491037217144686, 0.006967278737228541], [0.46256612510230277, 0.6337123482207003, 0.6199931118432702, 0.007055557195891621], [0.48121872413144673, 0.6071804208908739, 0.6322247248411904, 0.007236942141889418], [0.47793173707015535, 0.6115182375554831, 0.6305344714624546, 0.007278745475896627]]
[[0.4889848936855405, 0.5901203763024855, 0.6423451215219493, 0.006667838998192428]]
[[0.4971316666913811, 0.5909595795548261, 0.6352809917279546, 0.006703943181380919]]
[[0.48659423533470475, 0.5976790246855398, 0.6371514183099681, 0.006625989403235372]]
[[0.49664582797195, 0.5933980445309893, 0.6333849285410318, 0.006724180390652058]]
[[0.487619442235488, 0.6089187326178332, 0.6256194551473271, 0.006749367541112724]]
[[0.49566705416527695, 0.6163783528836395, 0.6118390340191053, 0.006700295675255657]]
[[0.49595155629346394, 0.623307628646394, 0.6045450066105156, 0.006707373822270075]]
[[0.49393385960339403, 0.584775020322961, 0.6434466981569756, 0.0066230336297505394]]
[[0.4852562428822203, 0.591501549882134, 0.6439002157088951, 0.006693836037992852]]
[[0.4960999965642111, 0.6229408040660558, 0.604801134305829, 0.006718331705737744]]
[[0.49565961826340305, 0.6096874620262703, 0.6185115922180083, 0.006793508878833115]]
[[0.5029298995823109, 0.5913203204399967, 0.6303628805676182, 0.006665849035260666]]
[[0.48887553520910276, 0.6028959002087791, 0.6304543702181094, 0.006673204503545797]]
[[0.47731173011515643, 0.5844594979672134, 0.6561536293760364, 0.0065591300523914564]]
[[0.4897135305197137, 0.59737207084489, 0.6350449171616774, 0.006724595714477709]]
[[0.498921562254845, 0.6008375128081758, 0.6245208941189889, 0.006723892361471695]]
[[0.4854060538361414, 0.60564948657313, 0.6304959644734152, 0.006670914155258017]]
[[0.4953333689172882, 0.6287547299747577, 0.5993890331124345, 0.006717898180238741]]
[[0.48168938510532133, 0.5986450361902955, 0.6399651710868547, 0.006636016677942796]]
[[0.49602579721569434, 0.597706873869793, 0.629809242526497, 0.006724541139302879]]
[[0.48877802270283016, 0.6041959885545815, 0.6292837761943088, 0.0067216780564630955]]
[[0.4870104509865886, 0.6083798785540134, 0.6266178257921163, 0.006696596150626001]]
[[0.49440234432235475, 0.6006533883455486, 0.6282798748754673, 0.0067991046497665715]]
[[0.49202333197125303, 0.5996693600675681, 0.6310821288432964, 0.006711635171301556], [0.49206404109437274, 0.596732231278767, 0.6338284348501463, 0.006718540790499023], [0.4539194357648702, 0.6193120693161452, 0.6405919570552531, 0.007186876260028911], [0.5103109697106853, 0.6030629822404071, 0.6130600812732765, 0.007422290310285189], [0.46663932256110446, 0.6129376312545234, 0.6375747658127375, 0.007322624573213306], [0.4765989691012068, 0.6145356505434163, 0.6286073601152912, 0.007221057521682099], [0.4817812057846373, 0.6311891823845539, 0.607811464791499, 0.007232500358214539], [0.466591427827088, 0.6103285622659242, 0.6401091478311332, 0.00719474972391661], [0.47113385017895837, 0.6138058085633803, 0.633423139863112, 0.007102849805669121], [0.48642222059224893, 0.599027358056466, 0.6360094541564946, 0.00718483385708621], [0.4697917789945723, 0.6146421557488948, 0.6336075095339414, 0.0072269376406996315], [0.4638540158494342, 0.6188547125443807, 0.6338828717848713, 0.0071275240952890576], [0.47488376935498633, 0.6358871854148969, 0.6083450816764667, 0.0070110361840236704], [0.4774175291596179, 0.599101123221536, 0.6427268050355384, 0.007252661210115816], [0.48318559948055895, 0.6118188117728752, 0.6262241532590567, 0.007261397277216404]]
[[0.4891533483627262, 0.5811242724139726, 0.65036866907048, 0.006646509486724397], [0.4955881717705435, 0.6059096956959205, 0.6222699694064638, 0.006774203841480448], [0.46908827003218734, 0.6197063638019523, 0.6291799522327268, 0.007266724846544176], [0.5119545070734681, 0.626233336649714, 0.587944307806991, 0.007475404543343282], [0.4557574462909375, 0.6016036479197755, 0.6559786899225595, 0.0070823250041598396], [0.4710957166674425, 0.6298583216892418, 0.6174917670482097, 0.00715806985714142], [0.4644281890075067, 0.5980078481049943, 0.6531794108927929, 0.007051811525125424], [0.4676731790872258, 0.6022235185702438, 0.6469598489593114, 0.007182275257053182], [0.48083307016106985, 0.6153166413769445, 0.6246064975088692, 0.007191158027678887], [0.48483750599386977, 0.6187632169962166, 0.6180719142560751, 0.007196032376816025], [0.47671192624903547, 0.6235030961168132, 0.6196265701082789, 0.007248594383201235], [0.4687699328169153, 0.62021930408388, 0.6289137676767873, 0.0070878596995420625], [0.4654905913391624, 0.6320109173624675, 0.6195402883284117, 0.007109208628098468], [0.47143246381430765, 0.6107497106881816, 0.6361468435433538, 0.007308652824012542], [0.47170987883300164, 0.5975040615647706, 0.6484027306872846, 0.007251583429168037]]
[[0.4971392287388198, 0.587216737712529, 0.6387357693005085, 0.006760711154455274], [0.4907526071486228, 0.5983224284841708, 0.6333449283572863, 0.006808221040587897], [0.46254202939692574, 0.6152642480572912, 0.6383204823637699, 0.007192906141034268], [0.5135075701738968, 0.6161074588862122, 0.5972160207133062, 0.0073891191788155305], [0.4611628967199604, 0.6053661691237618, 0.6486980353832557, 0.007172367752749258], [0.4697771627251964, 0.6188657245599939, 0.6294945920286483, 0.007154785348533322], [0.49124451979019984, 0.6058776311002227, 0.6257309013611834, 0.007208119740913826], [0.4690079036552192, 0.6266970773785506, 0.6222781055159808, 0.0072331811508692], [0.4703618809304238, 0.6013879124198888, 0.6457871040363408, 0.0071621242099465555], [0.4813147863691498, 0.5902626697995914, 0.6479779300479426, 0.0071175300675138334], [0.470408398176918, 0.6166110942673686, 0.631234111288993, 0.00708477919344134], [0.47211337587774754, 0.6098325973624652, 0.6365243192759594, 0.007067848452157596], [0.4749848064375063, 0.6387228457237333, 0.6052872191648251, 0.007066988029822811], [0.47057300765437227, 0.6249195873042588, 0.6228833825038602, 0.007269502812631797], [0.47431142804817583, 0.596341856949634, 0.6475748942080886, 0.007198282027345088]]
[[0.48916528614129007, 0.616224390673695, 0.6172033707936735, 0.006694942424713808], [0.47601246074316167, 0.6021742485409092, 0.6409001791858805, 0.006728441939809715], [0.4705818431335369, 0.6209067972669805, 0.6268774953130498, 0.007216916983114328], [0.5080340323253113, 0.6249409309848167, 0.5927014488504727, 0.007432853399985649], [0.46269879760846405, 0.6170417961474539, 0.636488075005175, 0.0072232177741198425], [0.47435487598923465, 0.6035476902540095, 0.6408332584551886, 0.007097328511019214], [0.48578059551421343, 0.6232169566106298, 0.6128336510279865, 0.007263207455968478], [0.4760477753959204, 0.6317269789963019, 0.6117570503185629, 0.0072698648084038395], [0.46660409565475647, 0.6337608147193861, 0.6169082388467884, 0.007216126896112512], [0.48544155580872506, 0.6182316556736969, 0.6181301153986, 0.007160743975137557], [0.4670832102467804, 0.607081287725665, 0.6428335482546413, 0.00711435431067584], [0.4688334582413408, 0.6165388433981145, 0.6324756075288409, 0.007046197258379586], [0.46580582311386803, 0.618717395972154, 0.6325848218471842, 0.0070825308481488785], [0.4716815929216298, 0.5981015049172582, 0.6478721665703051, 0.007260888246192687], [0.4766054285206254, 0.615175511174647, 0.6279759128006503, 0.007253199147458297]]
[[0.4907330510960963, 0.6030899524167755, 0.6288242341644554, 0.006607903096582536], [0.4848512449741696, 0.6070560362716507, 0.6295687142751565, 0.006743372974758032], [0.46710318105947335, 0.6198529597745951, 0.6305114269369565, 0.007229592292631898], [0.5229015629520914, 0.6076355242977969, 0.5977453294467466, 0.007317526781746889], [0.462520050922904, 0.6035256112316417, 0.6494459195380289, 0.007213645205576131], [0.49043797782482107, 0.6180740651975146, 0.614332149955054, 0.007144884108200636], [0.4780979936098549, 0.6071014508911705, 0.6346642531809834, 0.0071709529555956724], [0.47010816737362043, 0.6194209176799286, 0.6287009418436971, 0.007152861946049288], [0.4692053039638613, 0.5935820972732851, 0.6538007361139776, 0.007160585566132584], [0.47609313326186836, 0.6073307932219035, 0.635950150897039, 0.007213989144960219], [0.48013505770940845, 0.621291468159726, 0.6192057066269154, 0.007178497821797318], [0.469815481383288, 0.6288248385811598, 0.6195183105382154, 0.0070568225032884915], [0.4609362298971779, 0.6177215185077696, 0.63710870345576, 0.007100529666980439], [0.4733091907522853, 0.5949124174926254, 0.6496199767689005, 0.007177133499552356], [0.47596297970141815, 0.598827719972979, 0.6440599431740996, 0.007168915140133204]]
